(kicad_pcb (version 20171130) (host pcbnew 5.1.6-c6e7f7d~87~ubuntu16.04.1)

  (general
    (thickness 1.6)
    (drawings 28)
    (tracks 1183)
    (zones 0)
    (modules 146)
    (nets 106)
  )

  (page A3)
  (layers
    (0 F.Cu signal)
    (31 B.Cu signal)
    (32 B.Adhes user)
    (33 F.Adhes user)
    (34 B.Paste user)
    (35 F.Paste user)
    (36 B.SilkS user)
    (37 F.SilkS user)
    (38 B.Mask user)
    (39 F.Mask user)
    (40 Dwgs.User user)
    (41 Cmts.User user)
    (42 Eco1.User user)
    (43 Eco2.User user)
    (44 Edge.Cuts user)
    (45 Margin user)
    (46 B.CrtYd user)
    (47 F.CrtYd user)
    (48 B.Fab user)
    (49 F.Fab user)
  )

  (setup
    (last_trace_width 0.25)
    (user_trace_width 0.5)
    (trace_clearance 0.38)
    (zone_clearance 0.508)
    (zone_45_only no)
    (trace_min 0.2)
    (via_size 0.8)
    (via_drill 0.4)
    (via_min_size 0.4)
    (via_min_drill 0.3)
    (uvia_size 0.3)
    (uvia_drill 0.1)
    (uvias_allowed no)
    (uvia_min_size 0.2)
    (uvia_min_drill 0.1)
    (edge_width 0.05)
    (segment_width 0.2)
    (pcb_text_width 0.3)
    (pcb_text_size 1.5 1.5)
    (mod_edge_width 0.12)
    (mod_text_size 1 1)
    (mod_text_width 0.15)
    (pad_size 3 3)
    (pad_drill 2.2)
    (pad_to_mask_clearance 0.05)
    (aux_axis_origin 0 0)
    (visible_elements FFFFFF7F)
    (pcbplotparams
      (layerselection 0x010f0_ffffffff)
      (usegerberextensions false)
      (usegerberattributes false)
      (usegerberadvancedattributes false)
      (creategerberjobfile false)
      (excludeedgelayer true)
      (linewidth 0.100000)
      (plotframeref false)
      (viasonmask false)
      (mode 1)
      (useauxorigin false)
      (hpglpennumber 1)
      (hpglpenspeed 20)
      (hpglpendiameter 15.000000)
      (psnegative false)
      (psa4output false)
      (plotreference true)
      (plotvalue true)
      (plotinvisibletext false)
      (padsonsilk false)
      (subtractmaskfromsilk false)
      (outputformat 1)
      (mirror false)
      (drillshape 0)
      (scaleselection 1)
      (outputdirectory "output/"))
  )

  (net 0 "")
  (net 1 l_row0)
  (net 2 "Net-(D1-Pad2)")
  (net 3 "Net-(D2-Pad2)")
  (net 4 "Net-(D3-Pad2)")
  (net 5 "Net-(D4-Pad2)")
  (net 6 "Net-(D5-Pad2)")
  (net 7 "Net-(D6-Pad2)")
  (net 8 "Net-(D7-Pad2)")
  (net 9 r_row0)
  (net 10 "Net-(D8-Pad2)")
  (net 11 "Net-(D9-Pad2)")
  (net 12 "Net-(D10-Pad2)")
  (net 13 "Net-(D11-Pad2)")
  (net 14 "Net-(D12-Pad2)")
  (net 15 "Net-(D13-Pad2)")
  (net 16 "Net-(D14-Pad2)")
  (net 17 l_row1)
  (net 18 "Net-(D15-Pad2)")
  (net 19 "Net-(D16-Pad2)")
  (net 20 "Net-(D17-Pad2)")
  (net 21 "Net-(D18-Pad2)")
  (net 22 "Net-(D19-Pad2)")
  (net 23 "Net-(D20-Pad2)")
  (net 24 "Net-(D21-Pad2)")
  (net 25 r_row1)
  (net 26 "Net-(D22-Pad2)")
  (net 27 "Net-(D23-Pad2)")
  (net 28 "Net-(D24-Pad2)")
  (net 29 "Net-(D25-Pad2)")
  (net 30 "Net-(D26-Pad2)")
  (net 31 "Net-(D27-Pad2)")
  (net 32 "Net-(D28-Pad2)")
  (net 33 l_row2)
  (net 34 "Net-(D29-Pad2)")
  (net 35 "Net-(D30-Pad2)")
  (net 36 "Net-(D31-Pad2)")
  (net 37 "Net-(D32-Pad2)")
  (net 38 "Net-(D33-Pad2)")
  (net 39 "Net-(D34-Pad2)")
  (net 40 "Net-(D35-Pad2)")
  (net 41 "Net-(D36-Pad2)")
  (net 42 r_row2)
  (net 43 "Net-(D37-Pad2)")
  (net 44 "Net-(D38-Pad2)")
  (net 45 "Net-(D39-Pad2)")
  (net 46 "Net-(D40-Pad2)")
  (net 47 "Net-(D41-Pad2)")
  (net 48 "Net-(D42-Pad2)")
  (net 49 "Net-(D43-Pad2)")
  (net 50 l_row3)
  (net 51 "Net-(D44-Pad2)")
  (net 52 "Net-(D45-Pad2)")
  (net 53 "Net-(D46-Pad2)")
  (net 54 "Net-(D47-Pad2)")
  (net 55 "Net-(D48-Pad2)")
  (net 56 "Net-(D49-Pad2)")
  (net 57 r_row3)
  (net 58 "Net-(D50-Pad2)")
  (net 59 "Net-(D51-Pad2)")
  (net 60 "Net-(D52-Pad2)")
  (net 61 "Net-(D53-Pad2)")
  (net 62 "Net-(D54-Pad2)")
  (net 63 "Net-(D55-Pad2)")
  (net 64 l_row4)
  (net 65 "Net-(D56-Pad2)")
  (net 66 "Net-(D57-Pad2)")
  (net 67 "Net-(D58-Pad2)")
  (net 68 "Net-(D59-Pad2)")
  (net 69 "Net-(D60-Pad2)")
  (net 70 "Net-(D61-Pad2)")
  (net 71 r_row4)
  (net 72 "Net-(D62-Pad2)")
  (net 73 "Net-(D63-Pad2)")
  (net 74 "Net-(D64-Pad2)")
  (net 75 GND)
  (net 76 l_data)
  (net 77 VCC)
  (net 78 r_data)
  (net 79 l_reset)
  (net 80 r_reset)
  (net 81 l_col0)
  (net 82 l_col1)
  (net 83 l_col2)
  (net 84 l_col3)
  (net 85 l_col4)
  (net 86 l_col5)
  (net 87 r_col6)
  (net 88 r_col5)
  (net 89 r_col4)
  (net 90 r_col3)
  (net 91 r_col2)
  (net 92 r_col1)
  (net 93 r_col0)
  (net 94 l_col6)
  (net 95 encoder0_b)
  (net 96 encoder0_a)
  (net 97 encoder1_b)
  (net 98 encoder1_a)
  (net 99 "Net-(U1-Pad24)")
  (net 100 "Net-(U2-Pad10)")
  (net 101 "Net-(U2-Pad11)")
  (net 102 "Net-(U2-Pad12)")
  (net 103 "Net-(U2-Pad13)")
  (net 104 "Net-(U2-Pad24)")
  (net 105 r_VCC)

  (net_class Default "This is the default net class."
    (clearance 0.38)
    (trace_width 0.25)
    (via_dia 0.8)
    (via_drill 0.4)
    (uvia_dia 0.3)
    (uvia_drill 0.1)
    (add_net GND)
    (add_net "Net-(D1-Pad2)")
    (add_net "Net-(D10-Pad2)")
    (add_net "Net-(D11-Pad2)")
    (add_net "Net-(D12-Pad2)")
    (add_net "Net-(D13-Pad2)")
    (add_net "Net-(D14-Pad2)")
    (add_net "Net-(D15-Pad2)")
    (add_net "Net-(D16-Pad2)")
    (add_net "Net-(D17-Pad2)")
    (add_net "Net-(D18-Pad2)")
    (add_net "Net-(D19-Pad2)")
    (add_net "Net-(D2-Pad2)")
    (add_net "Net-(D20-Pad2)")
    (add_net "Net-(D21-Pad2)")
    (add_net "Net-(D22-Pad2)")
    (add_net "Net-(D23-Pad2)")
    (add_net "Net-(D24-Pad2)")
    (add_net "Net-(D25-Pad2)")
    (add_net "Net-(D26-Pad2)")
    (add_net "Net-(D27-Pad2)")
    (add_net "Net-(D28-Pad2)")
    (add_net "Net-(D29-Pad2)")
    (add_net "Net-(D3-Pad2)")
    (add_net "Net-(D30-Pad2)")
    (add_net "Net-(D31-Pad2)")
    (add_net "Net-(D32-Pad2)")
    (add_net "Net-(D33-Pad2)")
    (add_net "Net-(D34-Pad2)")
    (add_net "Net-(D35-Pad2)")
    (add_net "Net-(D36-Pad2)")
    (add_net "Net-(D37-Pad2)")
    (add_net "Net-(D38-Pad2)")
    (add_net "Net-(D39-Pad2)")
    (add_net "Net-(D4-Pad2)")
    (add_net "Net-(D40-Pad2)")
    (add_net "Net-(D41-Pad2)")
    (add_net "Net-(D42-Pad2)")
    (add_net "Net-(D43-Pad2)")
    (add_net "Net-(D44-Pad2)")
    (add_net "Net-(D45-Pad2)")
    (add_net "Net-(D46-Pad2)")
    (add_net "Net-(D47-Pad2)")
    (add_net "Net-(D48-Pad2)")
    (add_net "Net-(D49-Pad2)")
    (add_net "Net-(D5-Pad2)")
    (add_net "Net-(D50-Pad2)")
    (add_net "Net-(D51-Pad2)")
    (add_net "Net-(D52-Pad2)")
    (add_net "Net-(D53-Pad2)")
    (add_net "Net-(D54-Pad2)")
    (add_net "Net-(D55-Pad2)")
    (add_net "Net-(D56-Pad2)")
    (add_net "Net-(D57-Pad2)")
    (add_net "Net-(D58-Pad2)")
    (add_net "Net-(D59-Pad2)")
    (add_net "Net-(D6-Pad2)")
    (add_net "Net-(D60-Pad2)")
    (add_net "Net-(D61-Pad2)")
    (add_net "Net-(D62-Pad2)")
    (add_net "Net-(D63-Pad2)")
    (add_net "Net-(D64-Pad2)")
    (add_net "Net-(D7-Pad2)")
    (add_net "Net-(D8-Pad2)")
    (add_net "Net-(D9-Pad2)")
    (add_net "Net-(U1-Pad24)")
    (add_net "Net-(U2-Pad10)")
    (add_net "Net-(U2-Pad11)")
    (add_net "Net-(U2-Pad12)")
    (add_net "Net-(U2-Pad13)")
    (add_net "Net-(U2-Pad24)")
    (add_net VCC)
    (add_net encoder0_a)
    (add_net encoder0_b)
    (add_net encoder1_a)
    (add_net encoder1_b)
    (add_net l_col0)
    (add_net l_col1)
    (add_net l_col2)
    (add_net l_col3)
    (add_net l_col4)
    (add_net l_col5)
    (add_net l_col6)
    (add_net l_data)
    (add_net l_reset)
    (add_net l_row0)
    (add_net l_row1)
    (add_net l_row2)
    (add_net l_row3)
    (add_net l_row4)
    (add_net r_VCC)
    (add_net r_col0)
    (add_net r_col1)
    (add_net r_col2)
    (add_net r_col3)
    (add_net r_col4)
    (add_net r_col5)
    (add_net r_col6)
    (add_net r_data)
    (add_net r_reset)
    (add_net r_row0)
    (add_net r_row1)
    (add_net r_row2)
    (add_net r_row3)
    (add_net r_row4)
  )

  (module MountingHole:MountingHole_2.2mm_M2_ISO7380_Pad (layer F.Cu) (tedit 5F9D7411) (tstamp 5F9DE752)
    (at 264.31986 114.30048)
    (descr "Mounting Hole 2.2mm, M2, ISO7380")
    (tags "mounting hole 2.2mm m2 iso7380")
    (attr virtual)
    (fp_text reference REF** (at 0 -2.75) (layer F.SilkS) hide
      (effects (font (size 1 1) (thickness 0.15)))
    )
    (fp_text value MountingHole_2.2mm_M2_ISO7380_Pad (at 0 2.75) (layer F.Fab) hide
      (effects (font (size 1 1) (thickness 0.15)))
    )
    (fp_text user %R (at 0.3 0) (layer F.Fab) hide
      (effects (font (size 1 1) (thickness 0.15)))
    )
    (fp_circle (center 0 0) (end 1.75 0) (layer Cmts.User) (width 0.15))
    (fp_circle (center 0 0) (end 2 0) (layer F.CrtYd) (width 0.05))
    (pad 1 thru_hole circle (at 0 0) (size 3 3) (drill 2.2) (layers *.Cu *.Mask)
      (net 75 GND))
  )

  (module MountingHole:MountingHole_2.2mm_M2_ISO7380_Pad (layer F.Cu) (tedit 5F9D7428) (tstamp 5F9DE6CD)
    (at 321.4701 123.82552)
    (descr "Mounting Hole 2.2mm, M2, ISO7380")
    (tags "mounting hole 2.2mm m2 iso7380")
    (attr virtual)
    (fp_text reference REF** (at 0 -2.75) (layer F.SilkS) hide
      (effects (font (size 1 1) (thickness 0.15)))
    )
    (fp_text value MountingHole_2.2mm_M2_ISO7380_Pad (at 0 2.75) (layer F.Fab) hide
      (effects (font (size 1 1) (thickness 0.15)))
    )
    (fp_text user %R (at 0.3 0) (layer F.Fab) hide
      (effects (font (size 1 1) (thickness 0.15)))
    )
    (fp_circle (center 0 0) (end 1.75 0) (layer Cmts.User) (width 0.15))
    (fp_circle (center 0 0) (end 2 0) (layer F.CrtYd) (width 0.05))
    (pad 1 thru_hole circle (at 0 0) (size 3 3) (drill 2.2) (layers *.Cu *.Mask)
      (net 75 GND))
  )

  (module MountingHole:MountingHole_2.2mm_M2_ISO7380_Pad (layer F.Cu) (tedit 5F9D743A) (tstamp 5F9DE67F)
    (at 321.4701 176.21324)
    (descr "Mounting Hole 2.2mm, M2, ISO7380")
    (tags "mounting hole 2.2mm m2 iso7380")
    (attr virtual)
    (fp_text reference REF** (at 0 -2.75) (layer F.SilkS) hide
      (effects (font (size 1 1) (thickness 0.15)))
    )
    (fp_text value MountingHole_2.2mm_M2_ISO7380_Pad (at 0 2.75) (layer F.Fab) hide
      (effects (font (size 1 1) (thickness 0.15)))
    )
    (fp_text user %R (at 0.3 0) (layer F.Fab) hide
      (effects (font (size 1 1) (thickness 0.15)))
    )
    (fp_circle (center 0 0) (end 1.75 0) (layer Cmts.User) (width 0.15))
    (fp_circle (center 0 0) (end 2 0) (layer F.CrtYd) (width 0.05))
    (pad 1 thru_hole circle (at 0 0) (size 3 3) (drill 2.2) (layers *.Cu *.Mask)
      (net 75 GND))
  )

  (module MountingHole:MountingHole_2.2mm_M2_ISO7380_Pad (layer F.Cu) (tedit 5F9D73FA) (tstamp 5F9DE631)
    (at 226.2197 176.21324)
    (descr "Mounting Hole 2.2mm, M2, ISO7380")
    (tags "mounting hole 2.2mm m2 iso7380")
    (attr virtual)
    (fp_text reference REF** (at 0 -2.75) (layer F.SilkS) hide
      (effects (font (size 1 1) (thickness 0.15)))
    )
    (fp_text value MountingHole_2.2mm_M2_ISO7380_Pad (at 0 2.75) (layer F.Fab) hide
      (effects (font (size 1 1) (thickness 0.15)))
    )
    (fp_text user %R (at 0.3 0) (layer F.Fab) hide
      (effects (font (size 1 1) (thickness 0.15)))
    )
    (fp_circle (center 0 0) (end 1.75 0) (layer Cmts.User) (width 0.15))
    (fp_circle (center 0 0) (end 2 0) (layer F.CrtYd) (width 0.05))
    (pad 1 thru_hole circle (at 0 0) (size 3 3) (drill 2.2) (layers *.Cu *.Mask)
      (net 75 GND))
  )

  (module MountingHole:MountingHole_2.2mm_M2_ISO7380_Pad (layer F.Cu) (tedit 5F9D73E3) (tstamp 5F9DE5E3)
    (at 226.2197 138.11308)
    (descr "Mounting Hole 2.2mm, M2, ISO7380")
    (tags "mounting hole 2.2mm m2 iso7380")
    (attr virtual)
    (fp_text reference REF** (at 0 -2.75) (layer F.SilkS) hide
      (effects (font (size 1 1) (thickness 0.15)))
    )
    (fp_text value MountingHole_2.2mm_M2_ISO7380_Pad (at 0 2.75) (layer F.Fab) hide
      (effects (font (size 1 1) (thickness 0.15)))
    )
    (fp_text user %R (at 0.3 0) (layer F.Fab) hide
      (effects (font (size 1 1) (thickness 0.15)))
    )
    (fp_circle (center 0 0) (end 1.75 0) (layer Cmts.User) (width 0.15))
    (fp_circle (center 0 0) (end 2 0) (layer F.CrtYd) (width 0.05))
    (pad 1 thru_hole circle (at 0 0) (size 3 3) (drill 2.2) (layers *.Cu *.Mask)
      (net 75 GND))
  )

  (module MountingHole:MountingHole_2.2mm_M2_ISO7380_Pad (layer F.Cu) (tedit 5F9D73AA) (tstamp 5F9DE5C6)
    (at 185.73828 176.21324)
    (descr "Mounting Hole 2.2mm, M2, ISO7380")
    (tags "mounting hole 2.2mm m2 iso7380")
    (attr virtual)
    (fp_text reference REF** (at 0 -2.75) (layer F.SilkS) hide
      (effects (font (size 1 1) (thickness 0.15)))
    )
    (fp_text value MountingHole_2.2mm_M2_ISO7380_Pad (at 0 2.75) (layer F.Fab) hide
      (effects (font (size 1 1) (thickness 0.15)))
    )
    (fp_text user %R (at 0.3 0) (layer F.Fab) hide
      (effects (font (size 1 1) (thickness 0.15)))
    )
    (fp_circle (center 0 0) (end 1.75 0) (layer Cmts.User) (width 0.15))
    (fp_circle (center 0 0) (end 2 0) (layer F.CrtYd) (width 0.05))
    (pad 1 thru_hole circle (at 0 0) (size 3 3) (drill 2.2) (layers *.Cu *.Mask)
      (net 75 GND))
  )

  (module MountingHole:MountingHole_2.2mm_M2_ISO7380_Pad (layer F.Cu) (tedit 5F9D73C3) (tstamp 5F9DE596)
    (at 183.35702 119.063)
    (descr "Mounting Hole 2.2mm, M2, ISO7380")
    (tags "mounting hole 2.2mm m2 iso7380")
    (attr virtual)
    (fp_text reference REF** (at 0 -2.75) (layer F.SilkS) hide
      (effects (font (size 1 1) (thickness 0.15)))
    )
    (fp_text value MountingHole_2.2mm_M2_ISO7380_Pad (at 0 2.75) (layer F.Fab) hide
      (effects (font (size 1 1) (thickness 0.15)))
    )
    (fp_text user %R (at 0.3 0) (layer F.Fab) hide
      (effects (font (size 1 1) (thickness 0.15)))
    )
    (fp_circle (center 0 0) (end 1.75 0) (layer Cmts.User) (width 0.15))
    (fp_circle (center 0 0) (end 2 0) (layer F.CrtYd) (width 0.05))
    (pad 1 thru_hole circle (at 0 0) (size 3 3) (drill 2.2) (layers *.Cu *.Mask)
      (net 75 GND))
  )

  (module MountingHole:MountingHole_2.2mm_M2_ISO7380_Pad (layer F.Cu) (tedit 5F9D7392) (tstamp 5F9DE548)
    (at 78.58158 176.21324)
    (descr "Mounting Hole 2.2mm, M2, ISO7380")
    (tags "mounting hole 2.2mm m2 iso7380")
    (attr virtual)
    (fp_text reference REF** (at 0 -2.75) (layer F.SilkS) hide
      (effects (font (size 1 1) (thickness 0.15)))
    )
    (fp_text value MountingHole_2.2mm_M2_ISO7380_Pad (at 0 2.75) (layer F.Fab) hide
      (effects (font (size 1 1) (thickness 0.15)))
    )
    (fp_text user %R (at 0.3 0) (layer F.Fab) hide
      (effects (font (size 1 1) (thickness 0.15)))
    )
    (fp_circle (center 0 0) (end 1.75 0) (layer Cmts.User) (width 0.15))
    (fp_circle (center 0 0) (end 2 0) (layer F.CrtYd) (width 0.05))
    (pad 1 thru_hole circle (at 0 0) (size 3 3) (drill 2.2) (layers *.Cu *.Mask)
      (net 75 GND))
  )

  (module MountingHole:MountingHole_2.2mm_M2_ISO7380_Pad (layer F.Cu) (tedit 5F9D7363) (tstamp 5F9DE31D)
    (at 90.48788 132.15993)
    (descr "Mounting Hole 2.2mm, M2, ISO7380")
    (tags "mounting hole 2.2mm m2 iso7380")
    (attr virtual)
    (fp_text reference REF** (at 0 -2.75) (layer F.SilkS) hide
      (effects (font (size 1 1) (thickness 0.15)))
    )
    (fp_text value MountingHole_2.2mm_M2_ISO7380_Pad (at 0 2.75) (layer F.Fab) hide
      (effects (font (size 1 1) (thickness 0.15)))
    )
    (fp_text user %R (at 0.3 0) (layer F.Fab) hide
      (effects (font (size 1 1) (thickness 0.15)))
    )
    (fp_circle (center 0 0) (end 1.75 0) (layer Cmts.User) (width 0.15))
    (fp_circle (center 0 0) (end 2 0) (layer F.CrtYd) (width 0.05))
    (pad 1 thru_hole circle (at 0 0) (size 3 3) (drill 2.2) (layers *.Cu *.Mask)
      (net 75 GND))
  )

  (module MountingHole:MountingHole_2.2mm_M2_ISO7380_Pad (layer F.Cu) (tedit 5F9D7354) (tstamp 5F9DE2FF)
    (at 109.53796 116.68174)
    (descr "Mounting Hole 2.2mm, M2, ISO7380")
    (tags "mounting hole 2.2mm m2 iso7380")
    (attr virtual)
    (fp_text reference REF** (at 0 -2.75) (layer F.SilkS) hide
      (effects (font (size 1 1) (thickness 0.15)))
    )
    (fp_text value MountingHole_2.2mm_M2_ISO7380_Pad (at 0 2.75) (layer F.Fab) hide
      (effects (font (size 1 1) (thickness 0.15)))
    )
    (fp_text user %R (at 0.3 0) (layer F.Fab) hide
      (effects (font (size 1 1) (thickness 0.15)))
    )
    (fp_circle (center 0 0) (end 1.75 0) (layer Cmts.User) (width 0.15))
    (fp_circle (center 0 0) (end 2 0) (layer F.CrtYd) (width 0.05))
    (pad 1 thru_hole circle (at 0 0) (size 3 3) (drill 2.2) (layers *.Cu *.Mask)
      (net 75 GND))
  )

  (module kbd:CherryMX_Hotswap (layer F.Cu) (tedit 5F70BC32) (tstamp 5F98066B)
    (at 292.89375 109.5375 180)
    (path /5FB1366F)
    (fp_text reference SW13 (at 7.1 8.2) (layer F.SilkS) hide
      (effects (font (size 1 1) (thickness 0.15)))
    )
    (fp_text value SW_PUSH (at -4.8 8.3) (layer F.Fab) hide
      (effects (font (size 1 1) (thickness 0.15)))
    )
    (fp_line (start 4.25 -6.4) (end 3 -6.4) (layer B.SilkS) (width 0.4))
    (fp_line (start -5.45 -1.3) (end -3 -1.3) (layer B.SilkS) (width 0.5))
    (fp_line (start 4.4 -6.6) (end -3.800001 -6.6) (layer B.SilkS) (width 0.15))
    (fp_line (start -0.4 -3) (end 4.4 -3) (layer B.SilkS) (width 0.15))
    (fp_line (start -5.65 -1.1) (end -2.62 -1.1) (layer B.SilkS) (width 0.15))
    (fp_line (start -5.9 -4.7) (end -5.9 -3.95) (layer B.SilkS) (width 0.15))
    (fp_line (start -5.65 -5.55) (end -5.65 -1.1) (layer B.SilkS) (width 0.15))
    (fp_line (start -5.9 -3.95) (end -5.7 -3.95) (layer B.SilkS) (width 0.15))
    (fp_line (start 4.38 -4) (end 4.38 -6.25) (layer B.SilkS) (width 0.15))
    (fp_line (start 4.4 -3) (end 4.4 -6.6) (layer B.SilkS) (width 0.15))
    (fp_line (start 2.6 -4.8) (end -4.1 -4.8) (layer B.SilkS) (width 3.5))
    (fp_line (start 3.9 -6) (end 3.9 -3.5) (layer B.SilkS) (width 1))
    (fp_line (start 4.2 -3.25) (end 2.9 -3.3) (layer B.SilkS) (width 0.5))
    (fp_line (start -4.17 -5.1) (end -4.17 -2.86) (layer B.SilkS) (width 3))
    (fp_line (start -5.3 -1.6) (end -5.3 -3.399999) (layer B.SilkS) (width 0.8))
    (fp_line (start -5.8 -4.05) (end -5.8 -4.7) (layer B.SilkS) (width 0.3))
    (fp_line (start -9.525 -9.525) (end 9.525 -9.525) (layer Dwgs.User) (width 0.15))
    (fp_line (start 9.525 -9.525) (end 9.525 9.525) (layer Dwgs.User) (width 0.15))
    (fp_line (start 9.525 9.525) (end -9.525 9.525) (layer Dwgs.User) (width 0.15))
    (fp_line (start -9.525 9.525) (end -9.525 -9.525) (layer Dwgs.User) (width 0.15))
    (fp_line (start -7 -6) (end -7 -7) (layer Dwgs.User) (width 0.15))
    (fp_line (start 7 -7) (end 6 -7) (layer Dwgs.User) (width 0.15))
    (fp_line (start -7 6) (end -7 7) (layer Dwgs.User) (width 0.15))
    (fp_line (start 6 7) (end 7 7) (layer Dwgs.User) (width 0.15))
    (fp_line (start 7 7) (end 7 6) (layer Dwgs.User) (width 0.15))
    (fp_line (start -7 -7) (end -6 -7) (layer Dwgs.User) (width 0.15))
    (fp_line (start 7 -7) (end 7 -6) (layer Dwgs.User) (width 0.15))
    (fp_line (start -7 7) (end -6 7) (layer Dwgs.User) (width 0.15))
    (fp_arc (start -0.865 -1.23) (end -0.8 -3.4) (angle -84) (layer B.SilkS) (width 1))
    (fp_arc (start -3.9 -4.6) (end -3.800001 -6.6) (angle -90) (layer B.SilkS) (width 0.15))
    (fp_arc (start -0.465 -0.83) (end -0.4 -3) (angle -84) (layer B.SilkS) (width 0.15))
    (pad 1 smd rect (at -7.085 -2.54) (size 2.55 2.5) (layers B.Cu B.Paste B.Mask)
      (net 91 r_col2))
    (pad "" np_thru_hole circle (at 0 0 270) (size 4.1 4.1) (drill 4.1) (layers *.Cu *.Mask))
    (pad "" np_thru_hole circle (at 5.08 0 180) (size 1.9 1.9) (drill 1.9) (layers *.Cu *.Mask))
    (pad "" np_thru_hole circle (at -5.08 0 180) (size 1.9 1.9) (drill 1.9) (layers *.Cu *.Mask))
    (pad 2 smd rect (at 5.842 -5.08) (size 2.55 2.5) (layers B.Cu B.Paste B.Mask)
      (net 13 "Net-(D11-Pad2)"))
    (pad "" np_thru_hole circle (at -3.81 -2.54 180) (size 3 3) (drill 3) (layers *.Cu *.Mask))
    (pad "" np_thru_hole circle (at 2.54 -5.08 180) (size 3 3) (drill 3) (layers *.Cu *.Mask))
    (model /Users/foostan/src/github.com/foostan/kbd/kicad-packages3D/kbd.3dshapes/Kailh-CherryMX-Socket.step
      (offset (xyz -1.3 7.6 -3.6))
      (scale (xyz 1 1 1))
      (rotate (xyz 0 0 180))
    )
  )

  (module kbd:CherryMX_Hotswap (layer F.Cu) (tedit 5F70BC32) (tstamp 5F980BCE)
    (at 100.0125 166.6875)
    (path /5F930499)
    (fp_text reference SW46 (at 7.1 8.2) (layer F.SilkS) hide
      (effects (font (size 1 1) (thickness 0.15)))
    )
    (fp_text value SW_PUSH (at -4.8 8.3) (layer F.Fab) hide
      (effects (font (size 1 1) (thickness 0.15)))
    )
    (fp_line (start -7 7) (end -6 7) (layer Dwgs.User) (width 0.15))
    (fp_line (start 7 -7) (end 7 -6) (layer Dwgs.User) (width 0.15))
    (fp_line (start -7 -7) (end -6 -7) (layer Dwgs.User) (width 0.15))
    (fp_line (start 7 7) (end 7 6) (layer Dwgs.User) (width 0.15))
    (fp_line (start 6 7) (end 7 7) (layer Dwgs.User) (width 0.15))
    (fp_line (start -7 6) (end -7 7) (layer Dwgs.User) (width 0.15))
    (fp_line (start 7 -7) (end 6 -7) (layer Dwgs.User) (width 0.15))
    (fp_line (start -7 -6) (end -7 -7) (layer Dwgs.User) (width 0.15))
    (fp_line (start -9.525 9.525) (end -9.525 -9.525) (layer Dwgs.User) (width 0.15))
    (fp_line (start 9.525 9.525) (end -9.525 9.525) (layer Dwgs.User) (width 0.15))
    (fp_line (start 9.525 -9.525) (end 9.525 9.525) (layer Dwgs.User) (width 0.15))
    (fp_line (start -9.525 -9.525) (end 9.525 -9.525) (layer Dwgs.User) (width 0.15))
    (fp_line (start -5.8 -4.05) (end -5.8 -4.7) (layer B.SilkS) (width 0.3))
    (fp_line (start -5.3 -1.6) (end -5.3 -3.399999) (layer B.SilkS) (width 0.8))
    (fp_line (start -4.17 -5.1) (end -4.17 -2.86) (layer B.SilkS) (width 3))
    (fp_line (start 4.2 -3.25) (end 2.9 -3.3) (layer B.SilkS) (width 0.5))
    (fp_line (start 3.9 -6) (end 3.9 -3.5) (layer B.SilkS) (width 1))
    (fp_line (start 2.6 -4.8) (end -4.1 -4.8) (layer B.SilkS) (width 3.5))
    (fp_line (start 4.4 -3) (end 4.4 -6.6) (layer B.SilkS) (width 0.15))
    (fp_line (start 4.38 -4) (end 4.38 -6.25) (layer B.SilkS) (width 0.15))
    (fp_line (start -5.9 -3.95) (end -5.7 -3.95) (layer B.SilkS) (width 0.15))
    (fp_line (start -5.65 -5.55) (end -5.65 -1.1) (layer B.SilkS) (width 0.15))
    (fp_line (start -5.9 -4.7) (end -5.9 -3.95) (layer B.SilkS) (width 0.15))
    (fp_line (start -5.65 -1.1) (end -2.62 -1.1) (layer B.SilkS) (width 0.15))
    (fp_line (start -0.4 -3) (end 4.4 -3) (layer B.SilkS) (width 0.15))
    (fp_line (start 4.4 -6.6) (end -3.800001 -6.6) (layer B.SilkS) (width 0.15))
    (fp_line (start -5.45 -1.3) (end -3 -1.3) (layer B.SilkS) (width 0.5))
    (fp_line (start 4.25 -6.4) (end 3 -6.4) (layer B.SilkS) (width 0.4))
    (fp_arc (start -0.465 -0.83) (end -0.4 -3) (angle -84) (layer B.SilkS) (width 0.15))
    (fp_arc (start -3.9 -4.6) (end -3.800001 -6.6) (angle -90) (layer B.SilkS) (width 0.15))
    (fp_arc (start -0.865 -1.23) (end -0.8 -3.4) (angle -84) (layer B.SilkS) (width 1))
    (pad "" np_thru_hole circle (at 2.54 -5.08) (size 3 3) (drill 3) (layers *.Cu *.Mask))
    (pad "" np_thru_hole circle (at -3.81 -2.54) (size 3 3) (drill 3) (layers *.Cu *.Mask))
    (pad 2 smd rect (at 5.842 -5.08 180) (size 2.55 2.5) (layers B.Cu B.Paste B.Mask)
      (net 51 "Net-(D44-Pad2)"))
    (pad "" np_thru_hole circle (at -5.08 0) (size 1.9 1.9) (drill 1.9) (layers *.Cu *.Mask))
    (pad "" np_thru_hole circle (at 5.08 0) (size 1.9 1.9) (drill 1.9) (layers *.Cu *.Mask))
    (pad "" np_thru_hole circle (at 0 0 90) (size 4.1 4.1) (drill 4.1) (layers *.Cu *.Mask))
    (pad 1 smd rect (at -7.085 -2.54 180) (size 2.55 2.5) (layers B.Cu B.Paste B.Mask)
      (net 82 l_col1))
    (model /Users/foostan/src/github.com/foostan/kbd/kicad-packages3D/kbd.3dshapes/Kailh-CherryMX-Socket.step
      (offset (xyz -1.3 7.6 -3.6))
      (scale (xyz 1 1 1))
      (rotate (xyz 0 0 180))
    )
  )

  (module kbd:CherryMX_Hotswap (layer F.Cu) (tedit 5F70BC32) (tstamp 5F9809AC)
    (at 119.0625 145.25625)
    (path /5F92DF88)
    (fp_text reference SW33 (at 7.1 8.2) (layer F.SilkS) hide
      (effects (font (size 1 1) (thickness 0.15)))
    )
    (fp_text value SW_PUSH (at -4.8 8.3) (layer F.Fab) hide
      (effects (font (size 1 1) (thickness 0.15)))
    )
    (fp_line (start 4.25 -6.4) (end 3 -6.4) (layer B.SilkS) (width 0.4))
    (fp_line (start -5.45 -1.3) (end -3 -1.3) (layer B.SilkS) (width 0.5))
    (fp_line (start 4.4 -6.6) (end -3.800001 -6.6) (layer B.SilkS) (width 0.15))
    (fp_line (start -0.4 -3) (end 4.4 -3) (layer B.SilkS) (width 0.15))
    (fp_line (start -5.65 -1.1) (end -2.62 -1.1) (layer B.SilkS) (width 0.15))
    (fp_line (start -5.9 -4.7) (end -5.9 -3.95) (layer B.SilkS) (width 0.15))
    (fp_line (start -5.65 -5.55) (end -5.65 -1.1) (layer B.SilkS) (width 0.15))
    (fp_line (start -5.9 -3.95) (end -5.7 -3.95) (layer B.SilkS) (width 0.15))
    (fp_line (start 4.38 -4) (end 4.38 -6.25) (layer B.SilkS) (width 0.15))
    (fp_line (start 4.4 -3) (end 4.4 -6.6) (layer B.SilkS) (width 0.15))
    (fp_line (start 2.6 -4.8) (end -4.1 -4.8) (layer B.SilkS) (width 3.5))
    (fp_line (start 3.9 -6) (end 3.9 -3.5) (layer B.SilkS) (width 1))
    (fp_line (start 4.2 -3.25) (end 2.9 -3.3) (layer B.SilkS) (width 0.5))
    (fp_line (start -4.17 -5.1) (end -4.17 -2.86) (layer B.SilkS) (width 3))
    (fp_line (start -5.3 -1.6) (end -5.3 -3.399999) (layer B.SilkS) (width 0.8))
    (fp_line (start -5.8 -4.05) (end -5.8 -4.7) (layer B.SilkS) (width 0.3))
    (fp_line (start -9.525 -9.525) (end 9.525 -9.525) (layer Dwgs.User) (width 0.15))
    (fp_line (start 9.525 -9.525) (end 9.525 9.525) (layer Dwgs.User) (width 0.15))
    (fp_line (start 9.525 9.525) (end -9.525 9.525) (layer Dwgs.User) (width 0.15))
    (fp_line (start -9.525 9.525) (end -9.525 -9.525) (layer Dwgs.User) (width 0.15))
    (fp_line (start -7 -6) (end -7 -7) (layer Dwgs.User) (width 0.15))
    (fp_line (start 7 -7) (end 6 -7) (layer Dwgs.User) (width 0.15))
    (fp_line (start -7 6) (end -7 7) (layer Dwgs.User) (width 0.15))
    (fp_line (start 6 7) (end 7 7) (layer Dwgs.User) (width 0.15))
    (fp_line (start 7 7) (end 7 6) (layer Dwgs.User) (width 0.15))
    (fp_line (start -7 -7) (end -6 -7) (layer Dwgs.User) (width 0.15))
    (fp_line (start 7 -7) (end 7 -6) (layer Dwgs.User) (width 0.15))
    (fp_line (start -7 7) (end -6 7) (layer Dwgs.User) (width 0.15))
    (fp_arc (start -0.865 -1.23) (end -0.8 -3.4) (angle -84) (layer B.SilkS) (width 1))
    (fp_arc (start -3.9 -4.6) (end -3.800001 -6.6) (angle -90) (layer B.SilkS) (width 0.15))
    (fp_arc (start -0.465 -0.83) (end -0.4 -3) (angle -84) (layer B.SilkS) (width 0.15))
    (pad 1 smd rect (at -7.085 -2.54 180) (size 2.55 2.5) (layers B.Cu B.Paste B.Mask)
      (net 83 l_col2))
    (pad "" np_thru_hole circle (at 0 0 90) (size 4.1 4.1) (drill 4.1) (layers *.Cu *.Mask))
    (pad "" np_thru_hole circle (at 5.08 0) (size 1.9 1.9) (drill 1.9) (layers *.Cu *.Mask))
    (pad "" np_thru_hole circle (at -5.08 0) (size 1.9 1.9) (drill 1.9) (layers *.Cu *.Mask))
    (pad 2 smd rect (at 5.842 -5.08 180) (size 2.55 2.5) (layers B.Cu B.Paste B.Mask)
      (net 36 "Net-(D31-Pad2)"))
    (pad "" np_thru_hole circle (at -3.81 -2.54) (size 3 3) (drill 3) (layers *.Cu *.Mask))
    (pad "" np_thru_hole circle (at 2.54 -5.08) (size 3 3) (drill 3) (layers *.Cu *.Mask))
    (model /Users/foostan/src/github.com/foostan/kbd/kicad-packages3D/kbd.3dshapes/Kailh-CherryMX-Socket.step
      (offset (xyz -1.3 7.6 -3.6))
      (scale (xyz 1 1 1))
      (rotate (xyz 0 0 180))
    )
  )

  (module kbd:CherryMX_Hotswap (layer F.Cu) (tedit 5F70BC32) (tstamp 5F980982)
    (at 100.0125 147.6375)
    (path /5F92DC65)
    (fp_text reference SW32 (at 7.1 8.2) (layer F.SilkS) hide
      (effects (font (size 1 1) (thickness 0.15)))
    )
    (fp_text value SW_PUSH (at -4.8 8.3) (layer F.Fab) hide
      (effects (font (size 1 1) (thickness 0.15)))
    )
    (fp_line (start -7 7) (end -6 7) (layer Dwgs.User) (width 0.15))
    (fp_line (start 7 -7) (end 7 -6) (layer Dwgs.User) (width 0.15))
    (fp_line (start -7 -7) (end -6 -7) (layer Dwgs.User) (width 0.15))
    (fp_line (start 7 7) (end 7 6) (layer Dwgs.User) (width 0.15))
    (fp_line (start 6 7) (end 7 7) (layer Dwgs.User) (width 0.15))
    (fp_line (start -7 6) (end -7 7) (layer Dwgs.User) (width 0.15))
    (fp_line (start 7 -7) (end 6 -7) (layer Dwgs.User) (width 0.15))
    (fp_line (start -7 -6) (end -7 -7) (layer Dwgs.User) (width 0.15))
    (fp_line (start -9.525 9.525) (end -9.525 -9.525) (layer Dwgs.User) (width 0.15))
    (fp_line (start 9.525 9.525) (end -9.525 9.525) (layer Dwgs.User) (width 0.15))
    (fp_line (start 9.525 -9.525) (end 9.525 9.525) (layer Dwgs.User) (width 0.15))
    (fp_line (start -9.525 -9.525) (end 9.525 -9.525) (layer Dwgs.User) (width 0.15))
    (fp_line (start -5.8 -4.05) (end -5.8 -4.7) (layer B.SilkS) (width 0.3))
    (fp_line (start -5.3 -1.6) (end -5.3 -3.399999) (layer B.SilkS) (width 0.8))
    (fp_line (start -4.17 -5.1) (end -4.17 -2.86) (layer B.SilkS) (width 3))
    (fp_line (start 4.2 -3.25) (end 2.9 -3.3) (layer B.SilkS) (width 0.5))
    (fp_line (start 3.9 -6) (end 3.9 -3.5) (layer B.SilkS) (width 1))
    (fp_line (start 2.6 -4.8) (end -4.1 -4.8) (layer B.SilkS) (width 3.5))
    (fp_line (start 4.4 -3) (end 4.4 -6.6) (layer B.SilkS) (width 0.15))
    (fp_line (start 4.38 -4) (end 4.38 -6.25) (layer B.SilkS) (width 0.15))
    (fp_line (start -5.9 -3.95) (end -5.7 -3.95) (layer B.SilkS) (width 0.15))
    (fp_line (start -5.65 -5.55) (end -5.65 -1.1) (layer B.SilkS) (width 0.15))
    (fp_line (start -5.9 -4.7) (end -5.9 -3.95) (layer B.SilkS) (width 0.15))
    (fp_line (start -5.65 -1.1) (end -2.62 -1.1) (layer B.SilkS) (width 0.15))
    (fp_line (start -0.4 -3) (end 4.4 -3) (layer B.SilkS) (width 0.15))
    (fp_line (start 4.4 -6.6) (end -3.800001 -6.6) (layer B.SilkS) (width 0.15))
    (fp_line (start -5.45 -1.3) (end -3 -1.3) (layer B.SilkS) (width 0.5))
    (fp_line (start 4.25 -6.4) (end 3 -6.4) (layer B.SilkS) (width 0.4))
    (fp_arc (start -0.465 -0.83) (end -0.4 -3) (angle -84) (layer B.SilkS) (width 0.15))
    (fp_arc (start -3.9 -4.6) (end -3.800001 -6.6) (angle -90) (layer B.SilkS) (width 0.15))
    (fp_arc (start -0.865 -1.23) (end -0.8 -3.4) (angle -84) (layer B.SilkS) (width 1))
    (pad "" np_thru_hole circle (at 2.54 -5.08) (size 3 3) (drill 3) (layers *.Cu *.Mask))
    (pad "" np_thru_hole circle (at -3.81 -2.54) (size 3 3) (drill 3) (layers *.Cu *.Mask))
    (pad 2 smd rect (at 5.842 -5.08 180) (size 2.55 2.5) (layers B.Cu B.Paste B.Mask)
      (net 35 "Net-(D30-Pad2)"))
    (pad "" np_thru_hole circle (at -5.08 0) (size 1.9 1.9) (drill 1.9) (layers *.Cu *.Mask))
    (pad "" np_thru_hole circle (at 5.08 0) (size 1.9 1.9) (drill 1.9) (layers *.Cu *.Mask))
    (pad "" np_thru_hole circle (at 0 0 90) (size 4.1 4.1) (drill 4.1) (layers *.Cu *.Mask))
    (pad 1 smd rect (at -7.085 -2.54 180) (size 2.55 2.5) (layers B.Cu B.Paste B.Mask)
      (net 82 l_col1))
    (model /Users/foostan/src/github.com/foostan/kbd/kicad-packages3D/kbd.3dshapes/Kailh-CherryMX-Socket.step
      (offset (xyz -1.3 7.6 -3.6))
      (scale (xyz 1 1 1))
      (rotate (xyz 0 0 180))
    )
  )

  (module footprint:CherryMX_MidHeight_Choc_Hotswap_2U_Outline (layer F.Cu) (tedit 5F985FEC) (tstamp 5F9955C8)
    (at 195.2625 157.1625 270)
    (fp_text reference Ref** (at 7 8.1 90) (layer F.SilkS) hide
      (effects (font (size 1 1) (thickness 0.15)))
    )
    (fp_text value Val** (at -6.5 -8 90) (layer F.Fab) hide
      (effects (font (size 1 1) (thickness 0.15)))
    )
    (fp_line (start -19.05 9.525) (end 19.05 9.525) (layer F.Fab) (width 0.15))
    (fp_line (start -19.05 -9.525) (end 19.05 -9.525) (layer F.Fab) (width 0.15))
    (fp_line (start -19.05 -9.525) (end -19.05 9.525) (layer F.Fab) (width 0.15))
    (fp_line (start 19.05 -9.525) (end 19.05 9.525) (layer F.Fab) (width 0.15))
    (pad "" np_thru_hole circle (at 11.938 8.255 270) (size 3.9878 3.9878) (drill 3.9878) (layers *.Cu *.Mask))
    (pad "" np_thru_hole circle (at -11.938 8.255 270) (size 3.9878 3.9878) (drill 3.9878) (layers *.Cu *.Mask))
    (pad "" np_thru_hole circle (at 11.938 -6.985 270) (size 3.048 3.048) (drill 3.048) (layers *.Cu *.Mask))
    (pad "" np_thru_hole circle (at -11.938 -6.985 270) (size 3.048 3.048) (drill 3.048) (layers *.Cu *.Mask))
  )

  (module kbd:D3_SMD_v2 (layer B.Cu) (tedit 5F70BC50) (tstamp 5F9800D5)
    (at 97.63125 97.63125 180)
    (descr "Resitance 3 pas")
    (tags R)
    (path /5F923F3C)
    (autoplace_cost180 10)
    (fp_text reference D1 (at 0.5 0) (layer B.Fab) hide
      (effects (font (size 0.5 0.5) (thickness 0.125)) (justify mirror))
    )
    (fp_text value D (at -0.6 0) (layer B.Fab) hide
      (effects (font (size 0.5 0.5) (thickness 0.125)) (justify mirror))
    )
    (fp_line (start -0.5 0.5) (end -0.5 -0.5) (layer B.SilkS) (width 0.15))
    (fp_line (start -0.4 0) (end 0.5 0.5) (layer B.SilkS) (width 0.15))
    (fp_line (start 0.5 -0.5) (end -0.4 0) (layer B.SilkS) (width 0.15))
    (fp_line (start 0.5 0.5) (end 0.5 -0.5) (layer B.SilkS) (width 0.15))
    (fp_line (start 2.7 0.75) (end 2.7 -0.75) (layer B.SilkS) (width 0.15))
    (fp_line (start -2.7 0.75) (end -2.7 -0.75) (layer B.SilkS) (width 0.15))
    (fp_line (start 2.7 0.75) (end -2.7 0.75) (layer B.SilkS) (width 0.15))
    (fp_line (start -2.7 -0.75) (end 2.7 -0.75) (layer B.SilkS) (width 0.15))
    (pad 1 smd rect (at -1.775 0 180) (size 1.4 1) (layers B.Cu B.Paste B.Mask)
      (net 1 l_row0))
    (pad 2 smd rect (at 1.775 0 180) (size 1.4 1) (layers B.Cu B.Paste B.Mask)
      (net 2 "Net-(D1-Pad2)"))
    (model ${KIGITHUB3D}/Diode_SMD.3dshapes/D_SOD-123.step
      (at (xyz 0 0 0))
      (scale (xyz 1 1 1))
      (rotate (xyz 0 0 0))
    )
  )

  (module kbd:D3_SMD_v2 (layer B.Cu) (tedit 5F70BC50) (tstamp 5F9800E3)
    (at 107.7625 97.63125 180)
    (descr "Resitance 3 pas")
    (tags R)
    (path /5F9388F7)
    (autoplace_cost180 10)
    (fp_text reference D2 (at 0.5 0) (layer B.Fab) hide
      (effects (font (size 0.5 0.5) (thickness 0.125)) (justify mirror))
    )
    (fp_text value D (at -0.6 0) (layer B.Fab) hide
      (effects (font (size 0.5 0.5) (thickness 0.125)) (justify mirror))
    )
    (fp_line (start -0.5 0.5) (end -0.5 -0.5) (layer B.SilkS) (width 0.15))
    (fp_line (start -0.4 0) (end 0.5 0.5) (layer B.SilkS) (width 0.15))
    (fp_line (start 0.5 -0.5) (end -0.4 0) (layer B.SilkS) (width 0.15))
    (fp_line (start 0.5 0.5) (end 0.5 -0.5) (layer B.SilkS) (width 0.15))
    (fp_line (start 2.7 0.75) (end 2.7 -0.75) (layer B.SilkS) (width 0.15))
    (fp_line (start -2.7 0.75) (end -2.7 -0.75) (layer B.SilkS) (width 0.15))
    (fp_line (start 2.7 0.75) (end -2.7 0.75) (layer B.SilkS) (width 0.15))
    (fp_line (start -2.7 -0.75) (end 2.7 -0.75) (layer B.SilkS) (width 0.15))
    (pad 1 smd rect (at -1.775 0 180) (size 1.4 1) (layers B.Cu B.Paste B.Mask)
      (net 1 l_row0))
    (pad 2 smd rect (at 1.775 0 180) (size 1.4 1) (layers B.Cu B.Paste B.Mask)
      (net 3 "Net-(D2-Pad2)"))
    (model ${KIGITHUB3D}/Diode_SMD.3dshapes/D_SOD-123.step
      (at (xyz 0 0 0))
      (scale (xyz 1 1 1))
      (rotate (xyz 0 0 0))
    )
  )

  (module kbd:D3_SMD_v2 (layer B.Cu) (tedit 5F70BC50) (tstamp 5F9800F1)
    (at 119.0625 102.39375 180)
    (descr "Resitance 3 pas")
    (tags R)
    (path /5F938F93)
    (autoplace_cost180 10)
    (fp_text reference D3 (at 0.5 0) (layer B.Fab) hide
      (effects (font (size 0.5 0.5) (thickness 0.125)) (justify mirror))
    )
    (fp_text value D (at -0.6 0) (layer B.Fab) hide
      (effects (font (size 0.5 0.5) (thickness 0.125)) (justify mirror))
    )
    (fp_line (start -2.7 -0.75) (end 2.7 -0.75) (layer B.SilkS) (width 0.15))
    (fp_line (start 2.7 0.75) (end -2.7 0.75) (layer B.SilkS) (width 0.15))
    (fp_line (start -2.7 0.75) (end -2.7 -0.75) (layer B.SilkS) (width 0.15))
    (fp_line (start 2.7 0.75) (end 2.7 -0.75) (layer B.SilkS) (width 0.15))
    (fp_line (start 0.5 0.5) (end 0.5 -0.5) (layer B.SilkS) (width 0.15))
    (fp_line (start 0.5 -0.5) (end -0.4 0) (layer B.SilkS) (width 0.15))
    (fp_line (start -0.4 0) (end 0.5 0.5) (layer B.SilkS) (width 0.15))
    (fp_line (start -0.5 0.5) (end -0.5 -0.5) (layer B.SilkS) (width 0.15))
    (pad 2 smd rect (at 1.775 0 180) (size 1.4 1) (layers B.Cu B.Paste B.Mask)
      (net 4 "Net-(D3-Pad2)"))
    (pad 1 smd rect (at -1.775 0 180) (size 1.4 1) (layers B.Cu B.Paste B.Mask)
      (net 1 l_row0))
    (model ${KIGITHUB3D}/Diode_SMD.3dshapes/D_SOD-123.step
      (at (xyz 0 0 0))
      (scale (xyz 1 1 1))
      (rotate (xyz 0 0 0))
    )
  )

  (module kbd:D3_SMD_v2 (layer B.Cu) (tedit 5F70BC50) (tstamp 5F9800FF)
    (at 138.1125 100.0125 180)
    (descr "Resitance 3 pas")
    (tags R)
    (path /5F9393EB)
    (autoplace_cost180 10)
    (fp_text reference D4 (at 0.5 0) (layer B.Fab) hide
      (effects (font (size 0.5 0.5) (thickness 0.125)) (justify mirror))
    )
    (fp_text value D (at -0.6 0) (layer B.Fab) hide
      (effects (font (size 0.5 0.5) (thickness 0.125)) (justify mirror))
    )
    (fp_line (start -0.5 0.5) (end -0.5 -0.5) (layer B.SilkS) (width 0.15))
    (fp_line (start -0.4 0) (end 0.5 0.5) (layer B.SilkS) (width 0.15))
    (fp_line (start 0.5 -0.5) (end -0.4 0) (layer B.SilkS) (width 0.15))
    (fp_line (start 0.5 0.5) (end 0.5 -0.5) (layer B.SilkS) (width 0.15))
    (fp_line (start 2.7 0.75) (end 2.7 -0.75) (layer B.SilkS) (width 0.15))
    (fp_line (start -2.7 0.75) (end -2.7 -0.75) (layer B.SilkS) (width 0.15))
    (fp_line (start 2.7 0.75) (end -2.7 0.75) (layer B.SilkS) (width 0.15))
    (fp_line (start -2.7 -0.75) (end 2.7 -0.75) (layer B.SilkS) (width 0.15))
    (pad 1 smd rect (at -1.775 0 180) (size 1.4 1) (layers B.Cu B.Paste B.Mask)
      (net 1 l_row0))
    (pad 2 smd rect (at 1.775 0 180) (size 1.4 1) (layers B.Cu B.Paste B.Mask)
      (net 5 "Net-(D4-Pad2)"))
    (model ${KIGITHUB3D}/Diode_SMD.3dshapes/D_SOD-123.step
      (at (xyz 0 0 0))
      (scale (xyz 1 1 1))
      (rotate (xyz 0 0 0))
    )
  )

  (module kbd:D3_SMD_v2 (layer B.Cu) (tedit 5F70BC50) (tstamp 5F98010D)
    (at 157.1625 104.775 180)
    (descr "Resitance 3 pas")
    (tags R)
    (path /5F9397E4)
    (autoplace_cost180 10)
    (fp_text reference D5 (at 0.5 0) (layer B.Fab) hide
      (effects (font (size 0.5 0.5) (thickness 0.125)) (justify mirror))
    )
    (fp_text value D (at -0.6 0) (layer B.Fab) hide
      (effects (font (size 0.5 0.5) (thickness 0.125)) (justify mirror))
    )
    (fp_line (start -2.7 -0.75) (end 2.7 -0.75) (layer B.SilkS) (width 0.15))
    (fp_line (start 2.7 0.75) (end -2.7 0.75) (layer B.SilkS) (width 0.15))
    (fp_line (start -2.7 0.75) (end -2.7 -0.75) (layer B.SilkS) (width 0.15))
    (fp_line (start 2.7 0.75) (end 2.7 -0.75) (layer B.SilkS) (width 0.15))
    (fp_line (start 0.5 0.5) (end 0.5 -0.5) (layer B.SilkS) (width 0.15))
    (fp_line (start 0.5 -0.5) (end -0.4 0) (layer B.SilkS) (width 0.15))
    (fp_line (start -0.4 0) (end 0.5 0.5) (layer B.SilkS) (width 0.15))
    (fp_line (start -0.5 0.5) (end -0.5 -0.5) (layer B.SilkS) (width 0.15))
    (pad 2 smd rect (at 1.775 0 180) (size 1.4 1) (layers B.Cu B.Paste B.Mask)
      (net 6 "Net-(D5-Pad2)"))
    (pad 1 smd rect (at -1.775 0 180) (size 1.4 1) (layers B.Cu B.Paste B.Mask)
      (net 1 l_row0))
    (model ${KIGITHUB3D}/Diode_SMD.3dshapes/D_SOD-123.step
      (at (xyz 0 0 0))
      (scale (xyz 1 1 1))
      (rotate (xyz 0 0 0))
    )
  )

  (module kbd:D3_SMD_v2 (layer B.Cu) (tedit 5F70BC50) (tstamp 5F98011B)
    (at 176.2125 104.775 180)
    (descr "Resitance 3 pas")
    (tags R)
    (path /5F93A46A)
    (autoplace_cost180 10)
    (fp_text reference D6 (at 0.5 0) (layer B.Fab) hide
      (effects (font (size 0.5 0.5) (thickness 0.125)) (justify mirror))
    )
    (fp_text value D (at -0.6 0) (layer B.Fab) hide
      (effects (font (size 0.5 0.5) (thickness 0.125)) (justify mirror))
    )
    (fp_line (start -0.5 0.5) (end -0.5 -0.5) (layer B.SilkS) (width 0.15))
    (fp_line (start -0.4 0) (end 0.5 0.5) (layer B.SilkS) (width 0.15))
    (fp_line (start 0.5 -0.5) (end -0.4 0) (layer B.SilkS) (width 0.15))
    (fp_line (start 0.5 0.5) (end 0.5 -0.5) (layer B.SilkS) (width 0.15))
